05-29-2010 2416 17 38 29 13 34 4
06-02-2010 2417 08 07 15 11 31 27
06-05-2010 2418 34 04 28 11 42 26
06-09-2010 2419 41 04 06 36 08 17
06-12-2010 2420 22 03 35 32 24 7
06-16-2010 2421 42 26 21 17 37 11
06-19-2010 2422 35 10 47 40 22 26
06-23-2010 2423 34 23 13 33 38 4
06-26-2010 2424 26 14 09 05 29 25
06-30-2010 2425 39 46 10 02 09 19
07-03-2010 2426 32 09 29 25 13 9
07-07-2010 2427 10 21 02 06 09 24
07-10-2010 2428 21 33 13 26 23 11
07-14-2010 2429 15 27 10 09 47 6
07-17-2010 2430 24 12 20 18 16 7
07-21-2010 2431 43 01 15 17 45 23
07-24-2010 2432 18 13 09 15 25 12
07-28-2010 2433 19 26 33 25 27 9
07-31-2010 2434 13 47 06 43 37 15
08-04-2010 2435 27 05 09 24 37 8
08-07-2010 2436 45 36 08 38 09 17
08-11-2010 2437 26 17 20 13 23 15
08-14-2010 2438 12 40 36 08 24 12
08-18-2010 2439 43 47 21 18 28 9
08-21-2010 2440 21 16 23 31 13 15
08-25-2010 2441 21 06 38 22 30 26
08-28-2010 2442 41 39 36 20 11 3
09-01-2010 2443 33 16 32 24 05 3
09-04-2010 2444 30 21 45 12 15 23
09-08-2010 2445 17 32 01 08 38 10
09-11-2010 2446 35 10 31 02 45 24
09-15-2010 2447 04 43 22 06 26 14
09-18-2010 2448 27 11 42 10 45 9
09-22-2010 2449 17 11 27 34 44 1
09-25-2010 2450 36 44 13 02 41 20
09-29-2010 2451 33 45 46 27 35 26
10-02-2010 2452 20 34 25 32 24 11
10-06-2010 2453 07 03 39 29 04 21
10-09-2010 2454 35 17 08 31 11 7
10-13-2010 2455 10 23 47 01 25 9
10-16-2010 2456 08 09 33 19 30 1
10-20-2010 2457 24 36 11 27 43 9
10-23-2010 2458 13 03 16 25 15 11
10-27-2010 2459 08 03 15 13 36 22
10-30-2010 2460 30 25 09 46 31 7
11-03-2010 2461 09 18 06 37 23 27
11-06-2010 2462 15 44 10 45 27 15
11-10-2010 2463 39 27 38 46 10 10
11-13-2010 2464 04 41 10 31 30 21
11-17-2010 2465 41 12 46 06 36 22
11-20-2010 2466 30 46 35 11 47 15
11-24-2010 2467 41 22 43 44 15 14
11-27-2010 2468 18 17 24 37 07 5
12-01-2010 2469 33 23 35 24 19 23
12-04-2010 2470 28 08 32 37 44 24
12-08-2010 2471 03 38 12 09 20 17
12-11-2010 2472 22 03 04 44 32 8
12-15-2010 2473 23 08 14 06 26 4
12-18-2010 2474 25 11 10 33 12 21
12-22-2010 2475 42 22 03 18 21 15
12-25-2010 2476 20 01 25 42 41 25
12-29-2010 2477 07 37 43 33 46 10
01-01-2011 2478 09 05 34 32 19 14
01-05-2011 2479 38 31 26 12 41 23
01-08-2011 2480 38 13 10 19 08 22
01-12-2011 2481 21 44 27 11 26 21
01-15-2011 2482 15 41 45 29 28 17
01-19-2011 2483 39 06 16 27 07 3
01-22-2011 2484 35 45 02 24 19 12
01-26-2011 2485 21 27 47 18 11 13
01-29-2011 2486 41 25 43 20 45 3
02-02-2011 2487 47 04 20 21 24 6
02-05-2011 2488 34 09 07 12 44 2
02-09-2011 2489 17 06 41 07 08 7
02-12-2011 2490 30 42 33 31 11 8
02-16-2011 2491 23 21 02 16 08 19
02-19-2011 2492 07 06 12 30 19 10
02-23-2011 2493 35 13 09 22 15 19
02-26-2011 2494 09 47 41 21 23 8
03-02-2011 2495 33 34 45 12 36 8
03-05-2011 2496 21 22 45 33 15 15
03-09-2011 2497 34 23 43 42 47 21
03-12-2011 2498 26 45 25 33 11 13
03-16-2011 2499 13 33 25 35 22 16
03-19-2011 2500 32 28 01 45 27 1
03-23-2011 2501 33 18 31 42 09 8
03-26-2011 2502 19 18 29 40 11 18
03-30-2011 2503 41 26 18 20 22 19
04-02-2011 2504 35 30 05 10 43 1
04-06-2011 2505 06 17 26 16 44 5
04-09-2011 2506 30 42 15 25 46 21
04-13-2011 2507 29 42 27 13 22 25
04-16-2011 2508 35 21 25 26 07 3
04-20-2011 2509 24 06 31 27 13 8
04-23-2011 2510 33 41 26 16 13 22
04-27-2011 2511 12 04 33 22 39 7
04-30-2011 2512 33 18 24 04 35 15
05-04-2011 2513 19 06 15 45 08 25
05-07-2011 2514 26 46 15 04 25 20
05-11-2011 2515 31 39 27 34 04 8
05-14-2011 2516 47 17 02 31 11 12
05-18-2011 2517 34 06 39 30 15 6
05-21-2011 2518 16 38 26 03 11 6
05-25-2011 2519 46 09 43 36 02 3
05-28-2011 2520 16 07 06 32 35 20
06-01-2011 2521 10 01 15 24 45 24
06-04-2011 2522 28 41 43 33 20 24
06-08-2011 2523 24 41 14 01 03 11
06-11-2011 2524 01 27 36 34 24 17
06-15-2011 2525 27 20 06 19 21 23
06-18-2011 2526 04 20 36 47 45 20
06-22-2011 2527 28 24 16 27 01 19
06-25-2011 2528 16 09 27 34 45 21
06-29-2011 2529 02 43 15 05 28 11
07-02-2011 2530 15 04 41 35 06 19
07-06-2011 2531 07 05 18 33 11 25
07-09-2011 2532 21 04 27 05 23 23
07-13-2011 2533 36 03 21 13 25 1
07-16-2011 2534 28 29 09 10 33 26
07-20-2011 2535 23 18 25 13 19 20
07-23-2011 2536 06 13 01 47 45 16
07-27-2011 2537 16 15 04 42 06 16
07-30-2011 2538 10 14 38 47 29 8
08-03-2011 2539 01 19 46 21 25 23
08-06-2011 2540 12 30 20 38 40 7
08-10-2011 2541 40 31 16 19 02 10
08-13-2011 2542 42 28 17 07 09 7
08-17-2011 2543 14 17 20 44 34 18
08-20-2011 2544 42 16 45 31 06 6
08-24-2011 2545 35 34 24 32 12 23
08-27-2011 2546 07 21 17 25 06 8
08-31-2011 2547 22 27 32 31 02 11
09-03-2011 2548 47 42 13 30 39 5
09-07-2011 2549 34 15 07 41 42 8
09-10-2011 2550 15 34 11 07 20 2
09-14-2011 2551 15 18 36 32 09 27
09-17-2011 2552 14 37 12 16 07 14
09-21-2011 2553 26 35 31 45 04 4
09-24-2011 2554 08 29 43 14 02 24
09-28-2011 2555 24 29 44 06 13 3
10-01-2011 2556 15 05 13 03 21 9
10-05-2011 2557 29 37 15 25 30 26
10-08-2011 2558 27 45 35 46 32 21
10-12-2011 2559 44 47 28 35 02 21
10-15-2011 2560 25 02 32 18 46 15
10-19-2011 2561 33 37 29 13 40 9
10-22-2011 2562 34 27 45 39 21 22
10-26-2011 2563 15 20 40 25 41 20
10-29-2011 2564 39 05 07 47 46 6
11-02-2011 2565 22 27 07 32 02 12
11-05-2011 2566 08 16 10 03 22 11
11-09-2011 2567 41 02 17 33 35 9
11-12-2011 2568 25 22 28 43 21 12
11-16-2011 2569 26 23 42 38 22 3
11-19-2011 2570 21 33 04 39 18 7
11-23-2011 2571 13 06 45 31 30 2
11-26-2011 2572 28 38 15 33 16 23
11-30-2011 2573 22 06 32 04 45 8
12-03-2011 2574 34 19 01 12 29 12
12-07-2011 2575 34 37 01 42 02 9
12-10-2011 2576 07 47 32 31 15 24
12-14-2011 2577 33 07 44 42 27 24
12-17-2011 2578 23 29 37 17 46 17
12-21-2011 2579 21 38 44 43 08 24
12-24-2011 2580 37 12 43 15 42 8
12-28-2011 2581 22 42 31 12 28 2
12-31-2011 2582 16 46 01 27 33 25
01-04-2012 2583 41 15 30 45 34 20
01-07-2012 2584 35 16 02 05 31 14
01-11-2012 2585 12 02 11 05 30 24
01-14-2012 2586 29 38 04 08 25 13
01-18-2012 2587 25 02 13 32 45 23
01-21-2012 2588 16 23 18 46 40 4
01-25-2012 2589 33 43 01 30 46 9
01-28-2012 2590 33 37 15 34 10 8
02-01-2012 2591 39 19 46 13 02 26
02-04-2012 2592 33 08 25 45 12 5
02-08-2012 2593 38 36 26 11 24 13
02-11-2012 2594 01 34 18 02 43 27
02-15-2012 2595 05 03 37 16 25 16
02-18-2012 2596 42 19 01 41 32 11
02-22-2012 2597 34 37 01 39 41 10
02-25-2012 2598 22 08 15 12 02 12
02-29-2012 2599 17 11 24 47 13 10
03-03-2012 2600 02 18 07 06 04 8
03-07-2012 2601 11 21 34 30 18 6
03-10-2012 2602 40 14 28 35 24 19
03-14-2012 2603 32 33 34 45 28 21
03-17-2012 2604 13 25 37 20 02 15
03-21-2012 2605 31 42 40 08 21 2
03-24-2012 2606 19 24 08 36 26 25
03-28-2012 2607 34 17 41 23 43 11
03-31-2012 2608 15 12 02 47 25 13
04-04-2012 2609 30 21 07 28 26 10
04-07-2012 2610 45 09 47 25 16 5
04-11-2012 2611 17 41 15 13 29 10
04-14-2012 2612 45 03 19 01 36 8
04-18-2012 2613 07 29 08 10 05 16
04-21-2012 2614 37 30 20 41 09 5
04-25-2012 2615 19 15 12 28 20 21
04-28-2012 2616 21 07 20 12 40 11
05-02-2012 2617 43 11 18 06 32 2
05-05-2012 2618 37 25 29 28 42 18
05-09-2012 2619 21 31 47 02 43 27
05-12-2012 2620 35 30 10 24 26 6
05-16-2012 2621 17 09 35 15 24 18
05-19-2012 2622 15 13 46 04 26 2
05-23-2012 2623 26 34 07 30 19 13
05-26-2012 2624 40 45 11 44 17 23
05-30-2012 2625 14 07 26 31 23 5
06-02-2012 2626 20 15 40 01 30 13
06-06-2012 2627 21 23 18 42 04 26
06-09-2012 2628 40 18 22 02 28 10
06-13-2012 2629 04 01 11 13 44 16
06-16-2012 2630 05 43 36 42 37 24
06-20-2012 2631 25 07 04 16 09 17
06-23-2012 2632 03 22 02 25 10 7
06-27-2012 2633 38 19 42 04 44 19
06-30-2012 2634 23 32 04 39 22 23
07-04-2012 2635 01 37 33 08 22 7
07-07-2012 2636 27 41 42 07 46 1
07-11-2012 2637 39 43 40 21 12 26
07-14-2012 2638 02 06 12 19 08 23
07-18-2012 2639 19 16 18 38 29 9
07-21-2012 2640 08 24 23 19 30 23
07-25-2012 2641 03 44 08 17 20 23
07-28-2012 2642 19 14 40 36 22 3
08-01-2012 2643 36 11 02 40 45 13
08-04-2012 2644 05 28 44 43 18 24
08-08-2012 2645 43 36 06 22 31 18
08-11-2012 2646 40 19 43 39 06 24
08-15-2012 2647 39 18 02 24 23 5
08-18-2012 2648 43 18 42 19 04 25
08-22-2012 2649 40 22 34 04 11 9
08-25-2012 2650 04 15 11 38 07 4
08-29-2012 2651 32 19 34 42 26 1
09-01-2012 2652 42 47 17 31 14 13
09-05-2012 2653 12 10 05 29 20 25
09-08-2012 2654 04 22 06 47 29 27
09-12-2012 2655 23 41 14 08 07 13
09-15-2012 2656 19 07 36 06 01 16
09-19-2012 2657 05 39 11 28 34 15
09-22-2012 2658 28 07 34 13 04 4
09-26-2012 2659 38 31 13 44 18 25
09-29-2012 2660 30 27 04 03 39 3
10-03-2012 2661 12 13 08 36 29 10
10-06-2012 2662 03 17 15 09 31 25
10-10-2012 2663 40 44 47 21 35 11
10-13-2012 2664 05 25 04 43 45 25
10-17-2012 2665 25 42 04 40 19 3
10-20-2012 2666 43 20 27 22 26 16
10-24-2012 2667 42 41 20 36 26 16
10-27-2012 2668 38 36 14 05 47 18
10-31-2012 2669 29 16 31 09 40 20
11-03-2012 2670 11 36 20 39 14 11
11-07-2012 2671 25 46 13 40 29 21
11-10-2012 2672 46 14 12 32 22 24
11-14-2012 2673 32 11 15 31 25 18
11-17-2012 2674 26 16 08 09 22 15
11-21-2012 2675 07 02 01 47 19 14
11-24-2012 2676 42 11 26 12 02 7
11-28-2012 2677 21 02 09 13 46 23
12-01-2012 2678 17 32 18 04 46 24
12-05-2012 2679 17 30 11 15 37 11
12-08-2012 2680 24 30 33 17 45 22
12-12-2012 2681 44 47 36 41 01 10
12-15-2012 2682 11 24 26 28 15 10
12-19-2012 2683 45 28 09 11 06 7
12-22-2012 2684 39 12 20 32 07 20
12-26-2012 2685 02 37 33 09 24 1
12-29-2012 2686 20 09 06 33 28 19
01-02-2013 2687 22 04 24 29 06 18
01-05-2013 2688 43 15 02 14 37 23
01-09-2013 2689 08 18 45 40 03 26
01-12-2013 2690 39 11 27 10 34 27
01-16-2013 2691 37 26 32 30 45 16
01-19-2013 2692 43 28 05 10 26 9
01-23-2013 2693 22 33 30 08 16 4
01-26-2013 2694 04 23 24 10 44 23
01-30-2013 2695 35 07 37 36 22 4
02-02-2013 2696 15 12 17 07 37 25
02-06-2013 2697 12 01 32 41 08 21
02-09-2013 2698 16 40 47 32 35 24
02-13-2013 2699 16 32 20 17 36 10
02-16-2013 2700 13 14 45 35 19 20
02-20-2013 2701 35 37 32 08 14 4
02-23-2013 2702 28 44 32 08 43 11
02-27-2013 2703 39 06 15 05 12 18
03-02-2013 2704 26 43 44 10 05 16
03-06-2013 2705 22 02 01 34 03 8
03-09-2013 2706 11 36 47 03 21 7
03-13-2013 2707 34 42 40 23 22 9
03-16-2013 2708 28 35 23 14 30 24
03-20-2013 2709 08 26 13 22 11 18
03-23-2013 2710 04 46 11 26 21 6
03-27-2013 2711 04 44 36 10 29 17
03-30-2013 2712 37 05 22 43 28 19
04-03-2013 2713 25 21 15 31 44 27
04-06-2013 2714 21 32 37 20 41 22
04-10-2013 2715 37 18 41 42 09 3
04-13-2013 2716 12 41 14 29 39 26
04-17-2013 2717 05 01 23 29 03 15
04-20-2013 2718 32 15 03 39 26 6
04-24-2013 2719 05 33 25 46 32 26
04-27-2013 2720 39 36 21 32 40 25
05-01-2013 2721 16 09 18 14 19 24
05-04-2013 2722 15 11 13 17 26 26
05-08-2013 2723 27 28 09 47 34 6
05-11-2013 2724 32 39 30 31 34 6
05-15-2013 2725 17 46 13 18 33 7
05-18-2013 2726 30 07 12 40 47 16
05-22-2013 2727 47 24 19 45 32 14
05-25-2013 2728 25 12 11 32 02 26
05-29-2013 2729 37 44 12 36 47 13
06-01-2013 2730 06 09 25 10 45 4
06-05-2013 2731 35 28 05 08 39 8
06-08-2013 2732 38 23 10 43 30 8
06-12-2013 2733 42 38 30 43 41 22
06-15-2013 2734 47 30 41 33 44 7
06-19-2013 2735 36 32 03 34 05 20
06-22-2013 2736 34 25 27 09 23 12
06-26-2013 2737 26 31 04 36 20 22
06-29-2013 2738 44 41 06 26 30 8
07-03-2013 2739 47 40 36 35 14 6
07-06-2013 2740 45 18 02 20 21 24
07-10-2013 2741 02 01 38 03 28 21
07-13-2013 2742 25 02 06 01 40 19
07-17-2013 2743 17 37 12 25 22 24
07-20-2013 2744 33 34 10 13 27 23
07-24-2013 2745 37 22 47 34 10 23
07-27-2013 2746 18 20 40 30 42 15
07-31-2013 2747 29 41 32 17 15 23
08-03-2013 2748 39 32 12 47 46 5
08-07-2013 2749 45 29 21 31 35 2
08-10-2013 2750 44 46 07 05 14 27
08-14-2013 2751 01 15 43 07 31 3
08-17-2013 2752 08 37 21 05 19 12
08-21-2013 2753 36 41 43 29 17 17
08-24-2013 2754 01 40 45 15 35 23
08-28-2013 2755 09 47 40 44 25 15
08-31-2013 2756 04 24 47 18 33 1
09-04-2013 2757 37 45 19 12 22 15
09-07-2013 2758 28 35 25 47 45 20
09-11-2013 2759 14 40 05 03 46 2
09-14-2013 2760 07 15 33 17 35 22
09-18-2013 2761 25 10 04 41 07 10
09-12-2013 2762 25 36 15 46 10 18
09-25-2013 2763 14 22 26 05 25 08
09-28-2013 2764 46 22 29 44 06 09
10-02-2013 2765 37 23 30 38 45 22
10-05-2013 2766 47 46 33 13 22 24
10-09-2013 2767 32 38 43 01 33 16
10-12-2013 2768 07 43 13 05 31 20
10-16-2013 2769 19 40 47 32 09 06 
10-19-2013 2770 21 33 38 41 04 06
10-23-2013 2771 28 35 16 45 04 01
10-26-2013 2772 33 25 35 11 41 10
10-30-2013 2773 12 33 47 03 44 22
11-02-2013 2774 15 02 32 23 39 12
11-06-2013 2775 04 43 03 08 13 06
11-09-2013 2776 41 07 46 14 34 01
11-13-2013 2777 34 01 09 46 13 13
11-16-2013 2778 29 19 18 45 27 15
11-20-2013 2779 29 01 26 03 37 06
11-23-2013 2780 17 47 32 22 09 03
11-27-2013 2781	30 06 41 07 43 11
11-30-2013 2782 02 11 13 16 22 23
12-04-2013 2783 24 28 43 46 07 13
12-07-2013 2784 47 17 37 03 23 22
12-11-2013 2785 18 02 36 27 37 06
12-14-2013 2786 10 22 12 31 18 02
12-18-2013 2787 24 16 17 33 14 02
12-21-2013 2788 46 47 43 02 32 07
12-25-2013 2789 26 33 40 08 23 14
12-28-2013 2790 33 27 23 04 28 16
01-01-2014 2791 09 19 03 42 24 16
01-04-2014 2792 01 35 14 47 10 11
01-08-2014 2793 16 21 37 26 17 02
01-11-2014 2794 09 43 35 05 11 04
01-15-2014 2795 43 21 46 34 09 21
01-18-2014 2796 23 25 16 35 47 13
01-22-2014 2797 44 01 42 31 07 24
01-25-2014 2798 38 05 43 07 13 11
01-29-2014 2799 29 33 09 17 05 01
02-01-2014 2800 09 16 44 14 15 24
02-05 2014 2801 34 39 40 47 45 18
02-08-2014 2802 38 14 12 45 43 19
02-08-2014 2803 29 32 38 10 19 18
02-08-2014 2804 38 24 28 08 21 01
02-12-2014 2803 39 32 28 10 19 18
02-15-2014 2804 38 24 28 08 21 01
02-19-2014 2805 10 15 31 24 22 01
02-22-2014 2806 39 22 29 32 09 23
02-26-2014 2807 05 23 20 17 07 23
03-01-2014 2808 35 04 30 20 10 13
03-05-2014 2809 06 33 43 44 32 16
03-08-2014 2810 45 16 46 01 26 05
03-12-2014 2811 42 33 25 04 23 15
03-15-2014 2812 10 20 21 36 23 07
03-19-2014 2813 03 28 20 09 13 24
03-22-2014 2814 08 38 41 30 35 27
03-26-2014 2815 08 37 03 46 26 18
03-29-2014 2816 20 24 12 30 42 07
04-02-2014 2817 08 37 07 23 42 23
04-05-2014 2818 33 29 41 13 02 19
04-09-2014 2819 35 46 05 13 01 14
04-12-2014 2820 12 02 38 27 20 05
04-16-2014 2821 16 11 38 39 23 20
04-19-2014 2822 32 05 30 46 31 07
04-23-2014 2823 36 19 02 18 25 10
04-26-2014 2824 24 15 16 29 35 06
04-30-2014 2825 14 22 28 07 16 20
05-03-2014 2826 05 31 09 46 25 26
05-07-2014 2827 04 39 16 27 06 10
05-10-2014 2828 31 20 25 21 14 25
05-14-2014 2829 33 15 28 08 12 26
05-17-2014 2830 04 27 20 24 02 10
05-21-2014 2831 36 39 44 12 06 02
05-24-2014 2832 13 11 23 27 29 10
05-28-2014 2833 14 36 41 19 04 03
05-31-2014 2834 41 44 08 15 04 02
06-04-2014 2835 47 07 11 37 24 01
06-07-2014 2836 08 01 40 25 03 08
06-11-2014 2837 15 25 38 03 23 07
06-14-2014 2838 42 20 05 29 16 05
06-18-2014 2839 01 31 34 47 32 10
06-21-2014 2840 29 18 39 16 13 03
06-25-2014 2841 15 04 45 40 33 04
06-28-2014 2842 18 27 38 29 42 24
07-02-2014 2843 34 46 16 44 42 09
07-05-2014 2844 03 12 26 27 11 10
07-09-2014 2845 20 07 30 34 45 15
07-12-2014 2846 18 15 11 23 28 12
07-16-2014 2847 03 34 14 06 05 17
07-19-2014 2848 18 26 07 15 39 19
07-23-2014 2849 02 36 37 09 33 12
07-26-2014 2850 16 26 31 22 36 13
07-30-2014 2851 11 25 04 40 33 06
08-02-2014 2852 16 22 27 06 32 03
08-06-2014 2853 02 37 32 29 38 26
08-09-2014 2854 16 33 13 14 08 04
08-13-2014 2855 20 14 18 27 46 18
08-16-2014 2856 13 22 27 28 12 03
08-20-2014 2857 36 11 09 18 14 25
08-23-2014 2858 38 13 43 23 25 23
08-27-2014 2859 06 33 01 29 02 14
08-30-2014 2860 09 46 32 31 15 14
09-03-2014 2861 26 41 18 12 21 10
09-06-2014 2862 23 36 33 06 41 14
09-10-2014 2863 10 12 15 46 31 23
09-13-2014 2864 37 36 41 47 38 05
09-17-2014 2865 13 39 46 06 07 18
09-20-2014 2866 38 02 12 15 07 03
09-24-2014 2867 23 28 42 33 17 01
09-27-2014 2868 03 01 06 47 42 01
10-01-2014 2869 07 06 02 15 37 10
10-04-2014 2870 12 35 08 33 27 27
10-08-2014 2871 42 34 44 14 01 21
10-11-2014 2872 03 18 06 05 15 21
10-15-2014 2873 08 18 02 33 22 13
10-18-2014 2874 23 12 15 40 09 16
10-22-2014 2875 32 33 25 02 20 26
10-25-2014 2876 01 22 18 44 38 26
10-29-2014 2877 12 38 41 13 32 16
11-01-2014 2878 42 24 12 21 03 07
11-05-2014 2879 26 24 15 21 01 26
11-08-2014 2880 32 21 24 19 25 18
11-12-2014 2881 10 47 34 36 20 21
11-15-2014 2882 41 34 04 43 07 25
11-19-2014 2883 47 08 29 43 37 23
11-22-2014 2884 02 09 18 04 08 02
11-26-2014 2885 03 20 28 10 32 12
11-29-2014 2886 47 37 05 30 45 21
12-03-2014 2887 19 23 47 09 37 23
12-06-2014 2888 20 38 30 44 45 20
12-10-2014 2889 39 01 13 25 03 08
12-13-2014 2890 42 19 07 25 03 05
12-17-2014 2891 26 21 06 07 14 22
12-20-2014 2892 07 05 21 33 31 12
12-24-2014 2893 22 06 03 08 38 26
12-27-2014 2894 07 03 29 19 32 26
12-31-2014 2895 15 08 29 35 45 18
01-03-2015 2896 28 15 14 06 44 26
01-07-2015 2897 11 30 38 19 36 07
01-10-2015 2898 01 05 30 16 24 07
01-14-2015 2899 19 05 36 16 14 23
01-17-2015 2900 14 42 19 32 29 27
01-21-2015 2901 27 26 39 15 04 03
01-24-2015 2902 01 23 30 15 24 07
01-28-2015 2903 46 36 02 10 43 23
01-31-2015 2904 20 19 36 32 03 11
02-04-2015 2905 19 02 45 12 01 08
02-07-2015 2906 06 29 20 23 24 25
02-11-2015 2907 43 10 46 26 38 24
02-14-2015 2908 31 09 08 22 18 27
02-18-2015 2909 29 44 32 28 24 02
02-21-2015 2910 13 31 21 18 38 21
02-25-2015 2911 29 11 36 36 39 10
02-28-2015 2912 33 18 36 34 45 17
03-04-2015 2913 23 39 36 15 32 20
03-07-2105 2914 19 15 43 46 22 07
03-11-2015 2915 07 32 44 47 28 04
03-14-2015 2916 22 18 13 37 17 24
03-18-2015 2917 03 15 12 26 01 19
03-21-2015 2918 02 28 21 39 45 04
03-25-2015 2919 47 05 25 03 10 07
03-28-2015 2920 24 41 29 09 07 27
04-01-2015 2921 46 34 12 06 02 27
04-04-2015 2922 20 04 27 36 01 15
04-08-2015 2923 20 09 26 27 47 26
04-11-2015 2924 27 13 16 42 06 04
04-15-2015 2925 38 03 14 06 05 10
04-18-2015 2926 22 07 45 38 36 07
04-22-2015 2927 42 07 39 11 35 18
04-25-2015 2928 15 40 10 47 04 11
04-29-2015 2929 24 47 05 34 25 03
05-02-2015 2930 23 31 36 34 45 04
05-06-2015 2931 11 14 43 40 35 09
05-09-2015 2932 44 24 08 47 41 23
05-13-2015 2933 12 18 43 38 28 20
05-16-2015 2934 42 39 05 22 02 03
05-20-2015 2935 42 39 05 22 02 03
05-23-2015 2936 11 12 46 17 19 26
05-27-2015 2937 42 35 33 43 27 18
05-30-2015 2938 47 31 11 25 34 16
06-03-2015 2939 18 17 07 29 40 13
06-06-2015 2940 16 39 42 22 23 25
06-10-2015 2941 47 01 44 43 39 10
06-13-2015 2942 33 38 15 41 14 27
06-17-2015 2943 33 37 20 07 32 09
06-20-2015 2944 34 04 33 12 31 14
06-24-2015 2945 29 44 30 27 37 08
06-27-2015 2946 35 16 01 21 05 13
07-01-2015 2947 07 29 34 37 14 10
07-04-2015 2948 19 17 30 23 43 06
07-08-2015 2949 06 41 34 45 25 10
07-11-2015 2950 33 34 18 39 23 10
07-15-2015 2951 11 26 17 44 01 18
07-18-2015 2952 31 04 24 43 22 01
07-22-2015 2953 36 34 03 01 35 24
07-25-2015 2954 09 24 21 19 45 27
07-29-2015 2955 15 13 36 35 33 15
08-01-2015 2956 06 03 01 17 28 02
08-05-2015 2957 29 10 16 26 15 27
08-08-2015 2958 46 01 33 30 16 24
08-12-2015 2959 13 43 44 29 40 12
08-15-2015 2960 14 30 45 21 27 03
08-19-2015 2961 23 42 31 45 05 06
08-22-2015 2962 06 33 09 42 31 13
08-26-2015 2963 31 28 47 19 39 17
08-29-2015 2964 39 20 43 06 32 16
09-02-2015 2965 36 17 38 40 23 08
09-05-2015 2966 44 47 22 39 04 09
09-09-2015 2967 18 21 15 09 22 26
09-12-2015 2968 04 33 15 10 46 15
09-16-2015 2969 35 08 06 21 34 25
09-19-2015 2970 47 30 17 21 27 24
09-23-2015 2971 26 17 44 25 30 16
09-26-2015 2972 45 44 25 04 15 02
09-30-2015 2973 32 31 13 06 15 26
10-03-2015 2974 16 43 02 12 17 22
10-07-2015 2975 12 11 28 04 41 22
10-10-2015 2976 37 34 28 33 21 17
10-14-2015 2977 25 30 13 43 11 04
10-17-2015 2978 14 36 32 21 12 14
12-30-2015 2999 03 04 06 26 25 22
01-02-2016 3000 43 10 21 29 39 24
01-06-2016 3001 35 09 15 02 37 18
01-09-2016 3002 24 36 12 25 05 04
01-13-2016 3003 13 40 12 45 35 24
10-21-2015 2979 16 27 13 19 05 09
10-24-2015 2980 28 01 15 45 12 27
10-28-2015 2981 07 12 20 09 34 05
10-31-2015 2982 32 38 35 44 25 03
11-04-2015 2983 38 29 10 04 18 24
11-07-2015 2984 10 42 26 05 32 10
11-11-2015 2985 44 36 22 05 09 12
11-14-2015 2986 35 17 18 42 02 01
11-18-2015 2987 34 13 37 21 41 02
11-21-2015 2988 38 47 15 19 07 25
11-25-2015 2989 24 39 20 25 12 03
11-28-2015 2990 16 09 31 21 20 01
12-02-2015 2991 01 24 32 42 36 14
12-05-2015 2992 37 09 30 44 46 08
12-09-2015 2993 40 07 13 11 47 22
12-12-2015 2994 11 24 42 12 22 27
12-16-2015 2995 02 13 01 07 23 11
12-19-2015 2996 04 27 17 31 25 14
12-23-2015 2997 11 19 47 09 06 05
12-26-2015 2998 37 25 47 03 04 11
01-16-2016 3004 10 26 11 47 28 09
01-20-2016 3005 03 38 18 14 25 22
01-23-2016 3006 22 14 32 12 30 12
01-27-2016 3007 33 12 43 36 29 10
01-30-2016 3008 38 31 36 02 33 17
02-03-2016 3009 11 14 21 32 47 11
02-06-2016 3010 20 45 29 37 04 23
02-10-2016 3011 08 24 12 30 03 01
02-13-2016 3012 25 09 44 45 13 05
02-17-2016 3013 38 44 28 26 21 01
02-20-2016 3014 24 31 36 34 22 03
02-24-2016 3015 16 11 06 43 42 10
02-27-2016 3016 10 47 02 28 08 10
03-02-2016 3017 19 42 09 10 18 24
03-05-2016 3018 05 04 21 10 08 06
03-09-2016 3019 41 17 24 02 31 15
03-12-2016 3020 36 02 34 27 16 12
03-16-2016 3021 15 19 37 22 46 10
03-19-2016 3022 24 19 17 33 02 22
03-23-2016 3023 38 43 47 05 23 27
03-26-2016 3024 12 13 33 03 26 18
03-30-2016 3025 39 33 22 24 28 24
04-02-2016 3026 10 05 43 47 03 06
04-06-2016 3027 22 45 14 12 32 18
04-09-2016 3028 42 16 36 18 40 07
04-13-2016 3029 22 31 46 14 25 09
04-16-2016 3030 36 29 32 22 43 17
04-20-2016 3031 35 14 25 02 27 20
04-23-2016 3032 33 16 26 39 28 08
04-27-2016 3033 07 26 34 43 31 08
04-30-2016 3034 16 13 29 38 24 18
05-04-2016 3035 39 15 08 01 13 19
05-07-2016 3036 18 38 06 14 20 10
05-11-2016 3037 24 08 32 31 43 17
